[0.262	0.316	0.123	0.252	0.003	0.044]
[0.203	0.234	0.279	0.284	0.   	0.   ]
--------------------0--------------------
[4.845e-01	2.239e-01	1.001e-01	1.809e-01	5.234e-05	1.068e-02]
[0.017	0.96 	0.018	0.006	0.   	0.   ]
--------------------1--------------------
[5.704e-01	2.488e-01	8.557e-02	9.298e-02	1.001e-06	2.308e-03]
[0.937	0.023	0.   	0.04 	0.   	0.   ]
--------------------2--------------------
[2.990e-01	7.723e-02	2.152e-01	4.081e-01	1.535e-06	4.358e-04]
[0.   	0.15 	0.77 	0.081	0.   	0.   ]
--------------------3--------------------
[1.524e-01	1.539e-01	6.358e-02	6.300e-01	5.681e-06	8.322e-05]
[0.077	0.647	0.276	0.   	0.   	0.   ]
--------------------4--------------------
[4.531e-01	1.102e-01	3.150e-01	1.217e-01	3.055e-05	9.053e-05]
[0.009	0.026	0.013	0.952	0.   	0.   ]
--------------------5--------------------
[2.597e-01	1.721e-01	1.208e-01	4.469e-01	2.076e-04	3.160e-04]
[0.019	0.   	0.981	0.   	0.   	0.   ]
--------------------6--------------------
[0.161	0.281	0.251	0.306	0.   	0.   ]
[0.33 	0.107	0.311	0.252	0.   	0.   ]
--------------------7--------------------
[0.165	0.243	0.386	0.205	0.001	0.   ]
[0.28 	0.284	0.296	0.14 	0.   	0.   ]
--------------------8--------------------
[2.569e-01	3.157e-01	2.528e-01	1.738e-01	5.604e-04	2.747e-04]
[0.21 	0.167	0.419	0.204	0.   	0.   ]
--------------------9--------------------
[3.711e-01	2.785e-01	1.879e-01	1.619e-01	3.322e-04	2.839e-04]
[0.225	0.237	0.349	0.189	0.   	0.   ]
--------------------10--------------------
[3.901e-01	2.960e-01	1.529e-01	1.604e-01	2.178e-04	3.849e-04]
[0.27 	0.202	0.379	0.149	0.   	0.   ]
--------------------11--------------------
[3.487e-01	3.446e-01	1.375e-01	1.686e-01	1.164e-04	6.333e-04]
[0.148	0.356	0.268	0.229	0.   	0.   ]
--------------------12--------------------
[2.736e-01	3.821e-01	1.553e-01	1.877e-01	7.796e-05	1.254e-03]
[0.158	0.16 	0.507	0.174	0.   	0.   ]
--------------------13--------------------
[4.199e-01	2.657e-01	1.728e-01	1.352e-01	1.089e-04	6.314e-03]
[0.009	0.268	0.093	0.63 	0.   	0.   ]
--------------------14--------------------
[1.041e-01	1.957e-01	2.390e-01	4.197e-01	1.660e-04	4.120e-02]
[0.668	0.101	0.202	0.029	0.   	0.   ]
--------------------15--------------------
[0.037	0.064	0.416	0.3  	0.001	0.182]
[0.802	0.124	0.03 	0.045	0.   	0.   ]
--------------------16--------------------
[0.037	0.032	0.31 	0.205	0.001	0.416]
[0.036	0.01 	0.106	0.847	0.   	0.   ]
--------------------17--------------------
[4.154e-02	1.766e-02	1.593e-01	9.857e-02	2.236e-04	6.827e-01]
[0.033	0.135	0.329	0.503	0.   	0.   ]
--------------------18--------------------
[1.507e-02	6.074e-03	2.894e-02	1.732e-02	1.659e-04	9.324e-01]
[0.319	0.052	0.489	0.139	0.   	0.   ]
--------------------19--------------------
[3.371e-03	1.722e-03	3.886e-03	3.465e-03	1.258e-04	9.874e-01]
[0.	0.	0.	0.	0.	1.]
--------------------20--------------------
[1.225e-03	6.514e-04	1.156e-03	1.430e-03	8.602e-05	9.955e-01]
[0.	0.	0.	0.	0.	1.]
--------------------21--------------------
[6.892e-04	3.777e-04	5.321e-04	8.275e-04	7.669e-05	9.975e-01]
[0.	0.	0.	0.	0.	1.]
--------------------22--------------------
[4.965e-04	2.874e-04	3.348e-04	6.224e-04	7.490e-05	9.982e-01]
[0.	0.	0.	0.	0.	1.]
--------------------23--------------------
[4.174e-04	2.518e-04	2.638e-04	5.351e-04	7.623e-05	9.985e-01]
[0.	0.	0.	0.	0.	1.]
--------------------24--------------------
[3.816e-04	2.377e-04	2.379e-04	4.919e-04	7.866e-05	9.986e-01]
[0.	0.	0.	0.	0.	1.]
--------------------25--------------------
[3.634e-04	2.345e-04	2.299e-04	4.711e-04	8.186e-05	9.986e-01]
[0.	0.	0.	0.	0.	1.]
--------------------26--------------------
[3.544e-04	2.374e-04	2.308e-04	4.633e-04	8.580e-05	9.986e-01]
[0.	0.	0.	0.	0.	1.]
--------------------27--------------------
[3.522e-04	2.437e-04	2.363e-04	4.647e-04	9.069e-05	9.986e-01]
[0.	0.	0.	0.	0.	1.]
--------------------28--------------------
[3.546e-04	2.520e-04	2.431e-04	4.723e-04	9.614e-05	9.986e-01]
[0.	0.	0.	0.	0.	1.]
--------------------29--------------------
[3.612e-04	2.618e-04	2.498e-04	4.856e-04	1.011e-04	9.985e-01]
[0.	0.	0.	0.	0.	1.]
--------------------30--------------------
